1.0 0 0
1.0 0 1
1.0 0 2
1.0 0 3
1.0 0 4
1.0 0 5
1.0 0 6
1.0 0 7
1.0 0 8
2.0 1 0 1
3.0 1 1 2
4.0 1 2 0
5.0 1 3 4
6.0 1 4 5
7.0 1 5 3
8.0 1 6 7
9.0 1 7 8
10.0 1 8 6
11.0 1 0 3
12.0 1 3 6
13.0 1 6 0
14.0 1 1 4
15.0 1 4 7
16.0 1 7 1
17.0 1 2 5
18.0 1 5 8
19.0 1 8 2
20.0 1 0 4
21.0 1 1 5
22.0 1 2 3
23.0 1 3 7
24.0 1 4 8
25.0 1 5 6
26.0 1 6 1
27.0 1 7 2
28.0 1 8 0
29.0 2 0 1 4
30.0 2 0 4 3
31.0 2 1 2 5
32.0 2 1 5 4
33.0 2 2 0 3
34.0 2 2 3 5
35.0 2 3 4 7
36.0 2 3 7 6
37.0 2 4 5 8
38.0 2 4 8 7
39.0 2 5 3 6
40.0 2 5 6 8
41.0 2 6 7 1
42.0 2 6 1 0
43.0 2 7 8 2
44.0 2 7 2 1
45.0 2 8 6 0
46.0 2 8 0 2
